5 464727
6 462841
7 542460
8 704842
9 702468
10 879376
11 1082126
12 1018781
13 5335555
14 1461018
15 2522891
16 2067663
17 2298350
18 3322159
19 3630230
20 8810737
21 5587893
22 5240011
23 6036905
24 7690546
25 8899156
26 9028014
27 10269032
28 11892641
29 13409112
30 12348217
31 16564979
32 20715460
33 23377895
34 24466028
35 25950234
36 27835819
37 33646856
38 33988172
39 35740500
40 37861452
41 41806528
42 47000165
43 52380349
44 53831100
45 58439742
46 66417338
47 68283997
48 71390624
49 83988945
50 84899262
51 98188876
52 94435654
53 140299076
54 111320717
55 126502202
56 128473134
57 145501792
58 153194363
59 158898053
60 160143610
61 209183641
62 178658778
63 209104580
64 246393331
65 237412180
66 216936347
67 225918475
68 236328726
69 275955566
70 256568983
71 285222229
72 319469793
73 343775744
74 336225650
75 352382543
76 383953635
77 351136917
78 436302835
79 453977179
80 508891314
81 448424765
82 549619277
83 494177419
84 571832491
85 529232212
86 616064343
87 626865428
88 660560754
89 670228796
90 656136423
91 665057998
92 761429454
93 744058362
94 754641472
95 1150169618
96 858498628
97 935743311
98 999302868
99 864649584
100 1015208891
121 1745453059
142 3890223315
163 5816768923
184 9306247616
205 10459749800
226 16462525544
247 25676078103
268 34287022155
289 35922065022
310 65120708054
331 64017602856
352 93382831275
373 95064340286
394 183483054977
415 122894338437
436 151463156578
457 173364647838
478 230239431746
499 208955827341
520 291250022318
621 408502603700
722 988991122221
823 754079903297
