5 492734
6 442867
7 491616
8 739974
9 1161329
10 902007
11 913810
12 949360
13 1234803
14 1450824
15 2410938
16 2524013
17 2696033
18 3948296
19 3834803
20 5048863
21 6534259
22 6542779
23 6601586
24 8769754
25 9208500
26 10309206
27 12150795
28 12686831
29 14271960
30 17530079
31 18109068
32 17601248
33 20996607
34 24261012
35 24907188
36 26886086
37 32652573
38 33825147
39 39378966
40 41364498
41 47660107
42 46026438
43 51141232
44 51258076
45 57466523
46 69064450
47 75909923
48 73632872
49 79651907
50 90362424
51 99727789
52 98524136
53 109364699
54 111247494
55 198507127
56 145133193
57 139690912
58 146447267
59 172160779
60 150584485
61 181205710
62 223204930
63 201776491
64 225466617
65 234253761
66 280157487
67 251010762
68 254637577
69 279550631
70 292338594
71 331393912
72 385013480
73 513615123
74 373873924
75 396654150
76 393214373
77 464492319
78 430575400
79 584131513
80 451858567
81 491826090
82 529765826
83 662064055
84 585817215
85 592847350
86 597198843
87 665166148
88 671887303
89 723800356
90 820947421
91 894434323
92 719991813
93 792684126
94 1123289733
95 1017675189
96 857510646
97 1045345877
98 995008875
99 1075402432
100 1161515611
101 1108241203
102 1236321057
103 1210898437
104 1162104378
105 1361739590
106 1335481451
107 1450890329
108 1278548800
109 1428502125
110 1498638367
111 2398743984
112 1543731160
113 1852946673
114 2367664737
115 1853445343
116 1588099065
117 1711295790
118 2107115122
119 2018110491
120 1931511911
121 2133672532
122 2076224378
123 3709000956
124 2150368351
125 2464412446
126 2649559469
127 2303907284
128 2533740270
129 2830648123
130 3416823767
131 2796332618
132 2617022902
133 3184986950
134 3812291654
135 4086519503
136 3096516260
137 3160287820
138 3337838779
139 3447762072
140 3672785962
141 4313789226
142 3604252798
143 4318785149
144 3752013930
145 3897860348
146 4009704919
147 4509953859
148 4152266748
149 4151256766
